TT	PID	AT	CT	IO_D	WT	RT	TRT	
12	6	9	3	7	0	0	3
18	3	5	13	0	0	0	13
34	9	10	113	0	-89	0	24
44	1	3	20	37	21	0	41
59	10	12	18	1	29	4	47
71	4	6	23	4	42	13	65
73	19	36	22	1	15	0	37
117	14	20	56	0	41	7	97
150	28	65	6	2	79	0	85
168	27	64	45	0	59	13	104
170	21	42	76	0	52	9	128
179	7	10	48	26	121	3	169
218	11	12	68	10	138	1	206
243	16	28	67	7	148	17	215
246	23	54	4	3	188	20	192
255	17	28	5	11	222	56	227
259	22	49	210	0	0	0	210
273	15	25	89	56	159	0	248
382	29	69	12	9	301	3	313
406	8	10	73	14	323	0	396
412	24	54	69	15	289	3	358
417	13	14	20	16	383	24	403
447	2	3	56	14	388	0	444
489	18	32	89	65	368	0	457
510	5	6	120	10	384	5	504
545	25	57	96	32	392	6	488
566	26	62	150	35	354	7	504
616	20	39	190	68	387	4	577
648	30	72	200	24	376	1	576
735	12	13	220	27	502	6	722
Processes: 30
Avg WT = 189,      Avg RT = 6,      Avg TRT = 261
Migration % :        RTF = 63%,      MaxW = 136%
Work Steal % :0%
Forked Processes: 0%
Killed Processes: 0%
Before Deadline Processes: 0%

Processors: 21 [7 FCFS, 9 SJF, 5 RR, 0 EDF]
Processors Load
p1=3%,  p2=3%,  p3=1%,  p4=0%,  p5=1%,  p6=0%,  p7=0%,  p8=0%,  p9=0%,  p10=0%,  p11=0%,  p12=0%,  p13=0%,  p14=0%,  p15=0%,  p16=0%,  p17=3%,  p18=1%,  p19=1%,  p20=3%,  p21=5%

Processors Utiliz
p1=32%,  p2=33%,  p3=11%,  p4=8%,  p5=13%,  p6=1%,  p7=0%,  p8=6%,  p9=0%,  p10=0%,  p11=0%,  p12=0%,  p13=0%,  p14=0%,  p15=0%,  p16=0%,  p17=34%,  p18=20%,  p19=17%,  p20=40%,  p21=62%
Avg utilization = 948.753%